<?xml version="1.0"?>
<opencv_storage>
<cameraMatrix type_id="opencv-matrix">
  <rows>3</rows>
  <cols>3</cols>
  <dt>d</dt>
  <data>
    6.1941775982005220e+02 0. 3.0267480085807841e+02 0.
    6.1337539867285034e+02 2.4155908564146540e+02 0. 0. 1.</data></cameraMatrix>
<distCoeffs type_id="opencv-matrix">
  <rows>1</rows>
  <cols>5</cols>
  <dt>d</dt>
  <data>
    4.2722975750111809e-02 -4.7877651962960753e-02
    2.8919753466553105e-03 -3.4776687691560285e-04
    -5.7453797512206584e-02</data></distCoeffs>
</opencv_storage>
